83.38 28.00 18.00 12.00 4.00 4.00
84.33 7.00 14.00 18.00 7.00 9.00
86.12 7.00 20.00 19.00 6.00 8.00
85.07 7.00 15.00 28.00 10.00 6.00
85.17 16.00 12.00 23.00 7.00 7.00
83.43 11.00 19.00 15.00 3.00 8.00
85.17 8.00 15.00 26.00 9.00 12.00
83.43 11.00 15.00 19.00 7.00 6.00
86.32 19.00 13.00 24.00 8.00 13.00
87.31 17.00 10.00 19.00 4.00 9.00
83.93 12.00 14.00 -1.00 10.00 9.00
87.81 17.00 13.00 21.00 5.00 15.00
84.70 9.00 11.00 24.00 7.00 9.00
82.09 13.00 25.00 26.00 10.00 3.00
82.29 11.00 27.00 25.00 10.00 6.00
79.70 21.00 18.00 23.00 9.00 3.00
86.52 8.00 13.00 15.00 4.00 5.00
83.38 22.00 18.00 20.00 8.00 7.00
80.75 8.00 15.00 26.00 7.00 5.00
83.98 19.00 14.00 26.00 14.00 8.00
83.93 10.00 17.00 18.00 5.00 5.00
84.97 11.00 13.00 -1.00 8.00 10.00
81.24 13.00 17.00 17.00 5.00 5.00
83.53 28.00 16.00 24.00 5.00 10.00
84.93 19.00 19.00 19.00 3.00 8.00
81.44 10.00 11.00 17.00 11.00 3.00
86.36 24.00 16.00 21.00 6.00 11.00
83.08 4.00 14.00 23.00 10.00 5.00
85.57 6.00 21.00 21.00 8.00 6.00
82.64 24.00 21.00 18.00 7.00 3.00
85.42 5.00 22.00 21.00 6.00 7.00
79.95 8.00 13.00 24.00 13.00 6.00
81.59 2.00 21.00 19.00 5.00 7.00
84.33 15.00 11.00 20.00 5.00 11.00
81.84 20.00 16.00 15.00 6.00 4.00
85.77 13.00 21.00 12.00 3.00 2.00
85.72 6.00 22.00 28.00 7.00 13.00
80.40 13.00 9.00 16.00 5.00 5.00
83.68 17.00 21.00 22.00 9.00 6.00
83.08 20.00 16.00 22.00 10.00 7.00
82.83 14.00 8.00 18.00 6.00 7.00
82.69 23.00 18.00 20.00 7.00 7.00
79.90 26.00 9.00 14.00 2.00 3.00
89.40 10.00 11.00 18.00 2.00 13.00
82.26 17.00 13.00 -1.00 5.00 10.00
83.63 11.00 25.00 22.00 11.00 6.00
80.50 8.00 23.00 22.00 4.00 4.00
83.98 13.00 23.00 20.00 6.00 7.00
81.09 34.00 22.00 22.00 12.00 5.00
84.38 8.00 9.00 20.00 5.00 7.00
83.99 10.00 13.00 28.00 6.00 11.00
86.02 8.00 10.00 21.00 6.00 12.00
83.23 14.00 23.00 24.00 13.00 7.00
85.87 18.00 17.00 19.00 5.00 11.00
83.23 37.00 15.00 -1.00 6.00 9.00
85.22 12.00 26.00 21.00 8.00 5.00
84.43 12.00 15.00 25.00 9.00 6.00
81.39 11.00 21.00 30.00 13.00 10.00
87.91 12.00 8.00 26.00 5.00 15.00
83.03 31.00 15.00 22.00 6.00 8.00
85.82 18.00 6.00 21.00 6.00 13.00
80.58 6.00 12.00 24.00 7.00 5.00
84.23 1.00 12.00 20.00 3.00 11.00
84.53 11.00 11.00 25.00 10.00 5.00
83.16 14.00 17.00 19.00 6.00 8.00
83.38 17.00 18.00 30.00 13.00 9.00
84.48 12.00 15.00 27.00 8.00 8.00
82.63 4.00 15.00 25.00 7.00 7.00
80.45 26.00 7.00 23.00 6.00 5.00
81.75 19.00 18.00 19.00 7.00 4.00
83.28 22.00 17.00 18.00 5.00 7.00
80.56 11.00 5.00 24.00 4.00 11.00
87.66 11.00 18.00 26.00 5.00 14.00
84.88 17.00 5.00 19.00 3.00 11.00
86.47 27.00 12.00 17.00 5.00 7.00
81.64 3.00 20.00 20.00 7.00 7.00
78.11 23.00 22.00 13.00 3.00 3.00
83.23 8.00 12.00 22.00 8.00 3.00
85.91 9.00 13.00 23.00 8.00 13.00
80.50 17.00 14.00 17.00 6.00 5.00
86.52 22.00 7.00 -1.00 3.00 14.00
82.84 6.00 20.00 20.00 5.00 4.00
87.50 2.00 11.00 29.00 7.00 12.00
82.24 17.00 20.00 25.00 13.00 5.00
81.54 21.00 6.00 19.00 6.00 7.00
83.48 8.00 15.00 23.00 5.00 5.00
82.74 24.00 15.00 -1.00 9.00 8.00
81.49 8.00 30.00 22.00 10.00 7.00
81.18 10.00 17.00 -1.00 3.00 6.00
85.30 13.00 14.00 22.00 2.00 14.00
84.98 16.00 8.00 17.00 3.00 6.00
84.78 20.00 14.00 16.00 6.00 5.00
81.99 7.00 15.00 22.00 7.00 4.00
84.33 19.00 19.00 18.00 12.00 2.00
85.87 6.00 9.00 28.00 9.00 12.00
85.47 13.00 16.00 21.00 8.00 10.00
84.48 17.00 13.00 26.00 8.00 14.00
86.47 12.00 16.00 25.00 7.00 12.00
85.32 4.00 19.00 22.00 11.00 8.00
85.12 17.00 16.00 12.00 2.00 6.00
83.76 14.06 15.49 21.26 6.86 7.66
2.13 7.25 5.04 4.05 2.83 3.26
