                                                                                                                                                                                           4444         
                      1                                                         11111111   1111              1           111    1111                                                      44114         
                                                                                                                                          4              4                               441114         
                                                                                                                                         444            444                             4411114         
                                             4444       4444    1                                                                       44 444        444 444                          44111114         
                1   11111            4444    4114       4114                 111              1     11    1  1  1     1          11    441  144      4411  144          1111        44441111114         
                           4444      4114    4114       4114         4                44                                              4411  1144    44111  1144   4444            4444411111114         
                           4114      4114    4114       4114        444              4  4                                            44111  11144  441111  11144  4114            411 111111114         
244444444444444444444444444411444444441144444411444444444114444444444 4444444444444444  44444444444444444444444444444444444444444444441111  1111444411111  111144441144444444444444111111111114444444444
111111111111111111111111111111111111111111111111111111111111111111111  111111111111111   1111111111111111111111111111111111111111111111111111111111111111  111111111111111111111111111111111111111111111
