                                                                                                                                        4                                               4444            
                                                                                          111                  1111111111   111        44        111  111                              44114            
                                   44                                                 4                                                4 4                               444          441114            
                                  4 44                                               444                                              4414                               414         4411114            
                   1  1          4   4444                                  44444444444 444            4444                  111      441144                              414        44111114            
                1         111  444    114               4444 1            441111111111  14            4114     11111111111          44111 4      111  111        11111  4414       441111114            
                               411    114    44         4114      4444   4411        1  144           4114                  44     441111 4                             411444    4411111114            
                               411    114   4  4        4114      4114  44111        1  114           4114                 4  4   4411111  4                            4114  4  44111111114            
2444444444444444444444444444444411    1144444  444444444411444444441144441111        1  114444444444444114444444444444444444  44444111111  444444444444444444444444444444114  44441111111114444444444444
111111111111111111111111111111111111111111111   11111111111111111111111111111        1  111111111111111111111111111111111111   1111111111  111111111111111111111111111111111   1111111111111111111111111
