                                                                          4    4                                                                                                               4444     
             111                                         11111     11111  444 4 4                       1   11111111            11   11        44   111                                       44114     
                      11              44   444                           4  444  4                  11                                         44          11                444             441114     
                      11             4  4 4  4444   11                  4    11  44         44      11                                        444          11      44       4  4            4411114     
        4444     4444 11           444  444   114   11                 44    11   44      4444      11          4        4    11           44 4  4         11    444 4    444   4         444111114     
 111    4114  1  4114              411   11   114   11               4441    11    4444   4114     1111         444     444         111   44444 14  111    11    411  4 44411    444      411111114     
        4114     4114   444444     411        114       4444   4444  411     11     114   4114444      4444    4  44  444 4444           441 11 144              411  4441111    114     4411111114     
        4114     4114   411114     411        114       4114   4114  411  11 11     114   411 114      4114   4    44 411  114  4444    4411 11 114              411   111111    114    44111111114     
24444444411444444411444441111444444411        11444444444114444411444411  11 11     114444411 11444444441144444     44411  11444444444444111 11 11444444444444444411   111111    11444444111111111444444
111111111111111111111111111111111111111111111111111111111111111111111111111111111111111111111111111111111111111      111111111111 1 11111111 11111111111111111111111111111111111111111111111111111111111
