                                                                                                                                                                               4444                     
                                    11                                                  444444                   1                                                            4 114                     
                                                                                       4411114                                  44                 44444                     4  114                     
                                                                         44           4411   4                               44444444             441114                    44  114                     
                                  44444                                44444         4 111   444                            44111 114            4411  444                 441  114                     
                11             44441114  111                          4411 4        44 111   444     4444        1         4411     4           44111  114                4411  114                     
                    4       44441111  44                 4           44111 44      441 111  1114     4114                 44111     4          441111    444        44   44111  114       4             
                   444   444411111    444               444         441111  4      411 111     44    4114                441111     44444     4411111   1114       4  4 441111  114      444            
24444444444444444444 44444111111      4 44444444444444444 4444444444411111   4444444   111      4444441144444444444444444411111   1111144444444111111      444444444  44411111  114444444414444444444444
11111111111111111111  111111111      11  1111111111111111  111111111111111   1111111111111111   1111111111111111111111111111111       11 111111111111      111111111   1111111  111111111111111111111111
