                                                                                                                                                       1     44         4444                            
                           111                                                    1111111    1                                        11111                  444       44114                            
                                                                                                                                                         11  4 4      441114                            
                                                                1                                                                                           4414     4411114                            
                           44               44           44     1                                                                           44  44   11    44114    44111114                            
                           444         1111 444          444  11111        4444   1111111   4444            4444                      11111 444 444       4411144  441111114                            
                444       4414      444    4414         4414        444  4 4114             4114      444   4114  4444 444     4444        44144414     4441111 4 4411111114                            
                414       4 144     414    4 144        4 144       414 4444114             4114      414   4114  4114 414     4114        4 144 144   44411111 444111111114                            
244444444444444441444444444 1 44444441444444 1 4444444444 1 4444444441444 441144444444444444411444444441444441144441144414444444114444444444 1 4 1 44444 111111 4411111111144444444444444444444444444444
1111111111111111111111111111111111111111111111111111111111111111111111111  11111111111111111111111111111111111111111111111111111111111111111111111111111 11111111111111111111111111111111111111111111111
