                                                                                                                                                                                             44444      
          1                                      1 1                         1                                                       1111                                                   4411 4      
                                                                                                                                                                                           44111 44     
                                                                                                                                                                                          441111  4     
                                                                                       44           4444            4444                                                      4          4411111   44   
     4444 1                                      1 1                       1111        444          4114            4114           11111111                                  4 4        44111111   14   
     4114        4                                             444                    4414          4114            4114              4            4444        44    4       4144      441111111    4   
     4114       444                                           4  44                   4 144         4114            4114             444           4114       4  4  444     4 1 4     4411111111    4   
24444411444444444 444444444444444444444444444444444444444444444   444444444444444444444 1 44444444444114444444444444411444444444444444 444444444444411444444444  4444 4444444 1  444444111111111    4444
11111111111111111  11111111111111111111111111111111111111111111    1111111111111111111111111111111111111111111111111111111111111111111  11111111111111111111111   111  11111111  11111111111111111111111
