                                                                                                                                                                                          4             
                                                                                          111                                                                                            44  11         
                                                                                                                                                                                         444 11         
                                                                                             44                                                             11                           4 4 11         
                                                                                        4444444                    44                             444444    11                          4414 11         
                                           4444   4444                                  41111144                  4 44                            411114    11                         44114 11         
                                           4114  4 114                                  41     4              444 4 14                            41   444  444   4444  444           441114411         
                                           4114 4  114                                  41     44             4144  1 4                           41   4  4 414   4114  414          441111 4           
2444444444444444444444444444444444444444444411444  114444444444444444444444444444444444441      444444444444444144  1 444444444444444444444444444441   4  444144444114444144444444444411111 444444444444
1111111111111111111111111111111111111111111111111  11111111111111111111111111111111111111111    111111111111111111  111111111111111111111111111111111111   111111111111111111111111111111111111111111111
