                                                                                                                                                                                                        
                                                                                                                                                          11111111                                      
                                                                              4444                                                                                                                      
                                                                             4  44                                                                                                                      
                                  4444                                     444  14           4444      4444                                             444       444                   11111111        
                                  4114                                     411   4444        4114      4114                                4444        4 14   1  4 14                                   
                                  4114                                     411    114        4114      4114       4444                     4114        4 1 4     4 1 4                                  
                                  4114       4444 44 44 44                 411    114        4114      4114       4114                     4114       4  1  4   4  1  4 4444 4444 44                44  
244444444444444444444444444444444441144444444444444444444444444444444444444411    114444444444114444444411444444444114444444444444444444444411444444444  1  44444  1  4444444444444444444444444444444444
1111111111111111111111111111111111111111111111 1 11 11 11 111111111111111111111111111111111111111111111111111111111111111111111111111111111111111111111111111111111111111 1 11 1 11 11111111111111111 11
