                                                                                                                                                                                                        
                                              11111111                                               11111111                                                                                 11        
                                                                                                 444         44                                                                            444          
                                                                                                4  44       4  4 44                                                                       4 14          
                           44         4444              444                     44            444   444444444  4444                                                                   4  44   4         
                           444        4114    11111111 4 144                    444           411    11111111   1144                                     4444                   1    4444 1    4        
               444        4414        4114             4 11444         444     4414           411               11 4                                     4114                       44 44       4       
               414        4 144       4114            4  111444        414     4 144          411               11 44                                    4114                       41  1        4      
244444444444444414444444444 1 4444444441144444444444444  1111 444444444414444444 1 44444444444411               11  444444444444444444444444444444444444441144444444444444444444444441           4444444
1111111111111111111111111111111111111111111111111111111  1111  11111111111111111111111111111111111111111111111  11  1111111111111111111111111111111111111111111111111111111111111111111           111111
