             44444                                                                                                                                                            4               4444      
            4411 4               111111111111111111111111111111111                                                                                                           44              4 114      
           44111 44                                                                                                                                                          444            4  114      
          4 1111  4                                                                                                                                                          4 4           44  114      
         44 1111   44444                                                          44                         1     44                          4444                         4414  44      4 1  114      
        441 1111   11114                                           11             444    11         11      111    444               44        4114                44      44114  444    44 1  114      
       4411 1111       4                                            4     444    4414          444       4        4414  4444       4444   444  4114   4444        44 4    44111444414   441 1  114      
    4444111 1111       4 44       44   4444  44     44             444   4 14    4 144         414      444       4 144 4114   44  4114444  44 4114   4114       4 1  4  441111 44 144 4411 1  114      
24444441111 1111       444444444444444444444444444444444444444444444 44444 1444444 1 444444444441444444441444444444 1 44411444444444114444   444114444411444444444 1  444411111 44 1 444111 1  114444444
11111 11111 11111111111111 11111111 1111 1 111 111111 11111111111111  1111 11111111111111111111111111111111111111111111111111111 11111 1 1    11111111111111111111 1   11111111111111111111 1  111111111
