                                                                             44                                                                                      4444                               
                                                                             444                                                                                    4 114                               
                                          44                                 4 4                                                                                   44 114                               
                                      44 4  444                             4414                                                                                  4 1 114                               
                                     4  44  114                            44114                                                                                 44 1 114                               
                                   444  11  114                           4411144                                44                            4444             4 1 1 114                               
         444         444           411  11  114                          441111 4       44   44     444 444     4 44  444                      4114       4444 44 1 1 114                               
         414        4  44         4 11  11  114                         4411111 4      4  4 4  4    414 414    4   444  44                     4114       41144 1 1 1 114                               
244444444414444444444   44444444444 11  11  11444444444444444444444444444111111 44444444  444  44444414441444444    44   44444444444444444444444114444444441144 1 1 1 1144444444444444444444444444444444
111111111111111111111    1111111111 11  11  11111111111111111111111111111111111111111111   11   1111111111111111     1    1111111111111111111111111111111111111 1 1 1 1111111111111111111111111111111111
