                        4                                                                                                                                                                               
                       44   1111                     11111           1111        11111      1111                             1111                                   11111   1             1             
                       444                                                                                                                                                                              
                       4 4                                                                                                 44   44444                                                                   
                      4414       444         4444                        4444                         4444               44444 4  114                    44                                             
               111   44114  1    414         4114    11111          1    4114  1111  111              4114               411 444  114                   4 44     1        1    4444      11             
                    4411144      4144        4114                        4114               444       411444      4444   411  11  114      44           4 14                   4114                     
                   441111 4      4114        4114                        4114              4  44      4114  4     4114   411  11  114     4  4         4  1 4                  4114                     
2444444444444444444411111 444444441144444444441144444444444444444444444444114444444444444444   44444444114  4444444114444411  11  114444444  44444444444  1 44444444444444444444114444444444444444444444
11111111111111111111111111111111111111111111111111111111111111111111111111111111111111111111    1111111111   111111111111111111111111111111   1111111111  1111111111111111111111111111111111111111111111
