                                                                                                                                                                                             4444       
                             111111                                                  111                              11111111                           11111              1111            44114       
                444                                               444444                                                                                                                   4 1114       
                414                                              4  4114                                                                             44                                   44 1114       
              444144                          4444              44  1114                 111                                    44               444444                                  441 1114       
             4411114         111111          44114    4444     441  1114      11111 1                                 11111111 4 44              4 1114                 1  44 44        4 11 1114       
            4411   4      44                4411144   4114    4411  1114                    444           444     4444         4 14             4     44                  4 44444      44 11 1114       
           44111   4     4  4              44111114   4114   44111  1114                   4  44          414     4114        4  1 4         114       4                 4   11 4     441 11 1114       
2444444444441111   4444444  44444444444444441111114444411444441111  111444444444444444444444   44444444444414444444114444444444  1 4444444444444       4444444444444444444   11 444444411 11 11144444444
11111111111111111111111111   1111111111111111111111111111111111111  111111111111111111111111    1111111111111111111111111111111  111111111111111       1111111111111111111   11  11111111 11 11111111111
