                                                                                                                                                                                             4444       
                                                                    1                                                                                                                       44114       
                                                   1                                                                 1                                                                     441114       
                                                                                                                                                                                          4411114       
                                                  44                                                                                                                                     44111114       
                                                  444               1 44                                                                                       4444                     441111114       
                                        4        4414            444 4444                                         4 4444                                       4114                    4411111114       
                                       444       4 144           414 41 4                                        44441444                                      4114                   44111111114       
24444444444444444444444444444444444444441444444444 1 444444444444414441 444444444444444444444444444444444444444444 4414 44444444444444444444444444444444444444441144444444444444444444411111111144444444
11111111111111111111111111111111111111111111111111111111111111111111111  11111111111111111111111111111111111111111  111  1111111111111111111111111111111111111111111111111111111111111111111111111111111
