                                                                                                                                                                                                        
                                                                                                                                                                                                        
                                                                               44                                                                                                                       
         4  4                   4                                             4 44                                                 44               4           44                                      
        4444 4                  444        44                   44  44       4   444                                            444444             4 4         4  4 44           44                     
      444 44  4                4  4444444444 4                 4 4444 4   4444    14  444                          444     1   4 111 44   44   44444  4    44444  44444       44444                     
     4411  1  44              4    111111111  4               4   111  4 4  11     4 4  44                        4  44        4      4  4  4 4  111  44  4  111   11 4      4 11144                    
    44111  1   4444444444444444    1       1  44444444444444444        444         444   44444444444444444444444444   44      4        444  444        4444           44444444     4                    
244441111  1    111111111111111    1       1   1111111111111111         11         111    1111111111111111111111111    44444444        111   11         111            1111111     444444444444444444444
111111111  1    1             1    1       1   1              1                           1       1               1     1111111                                        1     1      11111111111111111111
