                                                                                                                                                                                                        
                                                                                     11                                            4       44 44                            44                          
                                                                                                                     4             444    4 44444                        444444                         
                                                                                                                    4 4   4   4   4  44  4   11 44                      4  11 44                        
                                     44      44           44           44       44  11                        4444444  4 444 444 4    4444       4 44                 444      4                        
                 44444444444444444444444    4 44444444444444          4 444444444 4                 4         4111111  444 444 444     111        44 4               4 11       4                       
                4411111111111111111111 4   4   1111111111114         4   11111111  4               4 4       44         11  11  11                11  4             4           44                      
               4411111               1 44444   1          144444444444             44444444444444444  4      4                                        444444444444444            44                     
2444444444444444111111               1  1111   1          1 1111111111              1111111111111111  44444444                                         11111111111111             4444444444444444444444
1111111111111111111111               1         1          1 1        1              1              1   1111111                                         1            1             1111111111111111111111
