                                                                                                                         44444444                                             4444                      
                 111111                                 11111111111111   1111 1111111111                                 41111114                                            44114                      
                 1                                                                                                       4      4               11                          441114                      
                 1                                                                                                       4      4               11                         4411114                      
                 1    1               4444 1                          4444                 1                           444      4         4444  11                        44111114                      
                 111111   11111       4114                1111111111144114          11111111                           411   11  4        4114 1111                      441111114                      
                                      4114           44             4411 4  444                                        411   11  4        4114      44         4444     4411111114                      
                               4444   4114  4444    4  4           44111 4 4  44                                       411   11  4        4114     4  4        4114    44111111114                      
24444444444444444444444444444444114444411444411444444  44444444444441111 444   4444444444444444444444444444444444444444411   11  4444444444114444444  44444444441144444411111111144444444444444444444444
11111111111111111111111111111111111111111111111111111   11111111111111111111    111111111111111111111111111111111111111111   11  1111111111111111111   1111111111111111111111111111111111111111111111111
