                                                                                                                                                                                             4444       
                                                                                                                                 1          1    11                                         44114       
                                                                                              1                                                  11                                        441114       
                                                       4                                                                       44                11                              44       4411114       
                                  44                   444             44                                                     4  44444                     44                 444444     44111114       
  4444                       44  4 4444               4  4444    44   4 44                 44444                            444  14  44      1  44         444     44         4111 44   441111114       
  4114                      4 444   114              4    1144  4 44 4   44               4  4444                           411   4   4444     4 44       4414   44444       44     4  4411111114       
  4114   4444  4444        4   14   114             44    111444   444    4444           44   1 4                           411   1    114    4   444     4 144  411 4       4       444111111114       
2441144444114444114444444444   11   114444444444444441    111144    11     1144444444444441   1 4444444444444444444444444444411   1    11444444    14444444 1 444411 444444444       4411111111144444444
1111111111111111111111111111   111  111111111111111111    111111    11      111111111111111   1  1111111111111111111111111111111111    11111111    11111111111111111  11111111        111111111111111111
