                                                                           444444444444444                                                                                     4444                     
                          11111111111            1111111    111111111111   411111111111 14                                     1                                              44114                     
                                                                          44            144                                        4        4                                441114                     
                                                                          4             1 4                                       4 4   44 444                              4411114                     
                                                                 4444    44             1 444                           44      444  4 4  44 4444                          44111114                     
                          11111111111     1111   1               4114    41            11 114                   111     444     411  444  11  114                         441111114                     
     44      4                       444             44          4114   44              1 114        44    444         4414     411   11  11  114         444    444     4411111114    44               
    4  4    444                     4  44           4  4         4114   4          11   1 114       4  4   414         4 144    411   11  11  114        4  44  4  44   44111111114   4  4              
24444  444444 44444444444444444444444   4444444444444  444444444441144444          11   1 11444444444  44444144444444444 1 44444411   11  11  114444444444   4444   4444411111111144444  444444444444444
11111   11111  1111111111111111111111    111111111111   11111111111111111          111111111111111111   111111111111111111111111111   11  1111111111111111    111    111111111111111111   11111111111111
