                                                                                                                                                                                          4444          
                           1 1 1            111       44                        11                               11111111                                                                44114          
                                               44444444 4                                                                                                                               441114          
                                        44    441111111  4     44   444           44                                                           444   444   444   4                     4411114          
                                  4444444 4  4411        44   4 44 4  44   44444444 4      44    444               4444444                    4  44 4  44 4  44 4 4   1111            44111114          
           444444444444444444444444111111  444111         44 4   444   44 4  111111  4    4 44  4  4    44       444111114     1111        4444   444   444   444  4                 441111114          
          4411111111111111111111111        441111          444    11    444          44  4   4444   4  4  4      411     4                4  11    11    11    11  44               4411111114          
         4411                               11111    11     11    11     11           4444    111    444  444    411     4               44                         444            44111111114          
2444444444111                              111111    11     11    11     11            111           111   144444411     444444444444444441                          14444444444444411111111144444444444
1111111111111                              111111    11     11    11     11                                11111111111111111111111111111111                          11111111111111111111111111111111111
