                           1                                                                      444                                                                               4444                
                                                                                                  4 4                                                             1                 4114                
                                                                                                 4414                 4                          111111                            44114                
                                                                                                44114                44444                       111111               444         4411144               
                            1      44        4444                                              4411144            4444 114                   11  111111              4  4444     44111114               
                            1      444       4114                      444                    44111114            4111 114                                      1  444   114    4411111 4               
                  4444     444    4414       4114      1111111        4  44                  4411111 4            4    114                     4           4444    411   114   44111111 4               
                  4114 4444414    4 144      4114                 44444   4444444           44111111 4           44    114                    444          41144  4 11   11444441111111 4     44        
24444444444444444441144411441444444 1 444444441144444444444444444441111    1111144444444444441111111 44444444444441    114444444444444444444444 4444444444441144444 11   11444411111111 4444444444444444
11111111111111111111111111111111111111111111111111111111111111111111           1111111111111111111111111111111111111111111111111111111111111111  11111111111111 111 11  11111 11111111111111111 11111111
