                                                                                                                                                                                        444 4           
                                                1111111111                                                                                                                         44  4 11  4          
             44                                                                                                                                                                 444  44      44         
     44    444 4                                                                                                                                                               4  4  44       44        
    4444444  1  4                                 44            1                                       4444                                                                  44  1   1        44       
    41 4444  1  44444                             444   111111111                                       4114   111111111                                     1111111444       41                44      
    41  1 1  1   1114            4        4      4414                                                   4114  444      4         444            1111111111111  4   4  4444    41                 4      
    41    1  1      4           444      44444   4 144                                                  4114  414   44444        414                          444444   114    41                  44    
244441    1  1      4444444444444 44444444 4444444 1 44444444444444444444444444444444444444444444444444441144441444444414444444444 4444444444444444444444444444 1111   114444441        1         144444
111111111111111111111111111111111  1111111  1 11111111111111111111111111111111111111111111111111111111111111111111111 111111111111 1111111111111111111111111111 1111   111111111    11111         111111
