                                                                                                                           4 4 4444   444 4                                                  4444       
                                                           4444                                 11111111111111111         44144  11    11  4                                                44114       
            1 1 1                                          4114                                                          441144            44                                              441114       
            1   1                                          4114      4                                                  4411111             44                                             411114       
          1 1   1        1       1                        44114      444                                               441111                444444                  4             4     44411114       
      11111 11111        111111111                        41114     4  44         111111          11111111111         4411111                 44114                  444           444  441111114       
                      4                                   4 114    4    444                                    44    44111111                  1114            44   4  4444       4  444411111114       
                     444                                  4 114   44     144   444444                        4444   441111111                 11114           4  4 4    114      4    11111111114       
2444444444444444444444 444444444444444444444444444444444444 11444441     114444411114444444444444444444444444411444441111111111              111114444444444444  444    1144444444    111111111144444444
1111111111111111111111  11111111111111111111111111111111111111111111     111111111111111111111111111111111111111 11111111111111              111111111111111111   11    1111111111    111111111111111111
