                                                                                                                          1                                                                             
                                                                                                                                            1                      44                                   
                          111                                                                                           1111                            444     444444                                  
      1    1  11                                   1111       111      111                                                                             4  44 4444111 4 44                  1111  111    
  1   111111                                      11  11            111111       11 11     11                                               11     1 444   444111    44444                              
                  444444444                 1                             11    11    4                444444444444444444                            411    11        11 4 44          11               
                 44111111144 44                  4                                   444               411111111111111114111            4444  4444   411              11 44444                          
  44444444444444441       14444                 444         444444                4444 4444            4                4               4114  4114   411              11  11 444444444444444            
244111111111111111         11144444444444444444441444444444441111444444444444444444111  1144444444444444                44444444444444444114444114444411              11  11  11111111111114444444444444
111                            111111111111111111111111111111    111111111111111111       111111111111111               111111111111111111111111111111111111          11  11               1111111111111
