                                                                                                                                                                                                        
                                                                                                         111                1                                                                           
                    1      1                                                                                                                      1                                                4    
                                                                                            11111                                                                                                 44    
                                                                                                                                                     44                1111                       4 4   
1   11          44444444  111                                  1     111   11          4444           111111111          1  1  1           1   44444444                             44    111    4414   
                41111114                   4444      444                        444    4114                       4444              444       4 1111114    44     4444             4 44         441144  
           444444      4       4444444444  4114     4  44                      4  44   4114                       4114             4  44     44       44444444    4114            4   44       44111 4  
24444444444411111      444444444111111114444114444444   444444444444444444444444   4444411444444444444444444444444411444444444444444   44444441        11111 4444441144444444444444    4444444441111 444
1111111111111         1111111111        1111111111111    11111111111111111111111    111111111111111111111111111111111111111111111111    1111111               111111111111111111111     1111111111111111
