                                                                                                                                                                                                        
1                                       1   1                                                                                               11  11                                                      
                                                                                                                                                                          1                             
                                                                                     11 111                                                                                                             
   1111                                                                       111111        111 11                                                                              1        111  4444      
1                                      11   11                       44444444                                   111111 111111   4444       11111111                                         444114      
          4     111                               44                 41111114                              44444                4114          4                   44    1111         11     411114      
         444                                     4  4         44     41     4                             4  114                4114         444             44  4  4                       411114      
2444444444 444444444444444444444444444444444444444  4444444444444444441     4444444444444444444444444444444  114444444444444444441144444444444 4444444444444444444  444444444444444444444444411114444444
1111111111  11111111111111111111111111111111111111   1111111111 1111111111111111111111111111111111111111111  111111111111111111111111111111111  11111111111111 111   11111111111111111111111111111111111
