                                                                                                                                      44        44                                   44444              
                                                                                                                                     4 44      4 44                               1  4 1 4              
                                                     4                    4         44       44        4                            4   44    4   4444                              4    44             
                                                    4 4                   444      4  4     4  4      4 4                    44444444    444444    114                             4      4             
                4444444444444444444444444444444444444  4                 4  44444444  4444444  44444444  4                   41111111     11111    114                  4444      44       4            
              444111111111111111111111111111111111111  44    1     44   4    1111111   111111   1111111  44    1    44      4 1     1              114                  4114     4 1       44           
           4 44411                                 11   44        4 44444    1     1   1    1   1     1   44       4 44444444 1     1              114   44    44       4114     4          4           
          4444 111                                 11    44      4   1111    1     1   1    1   1     1    44     4   1111111 1     1              114  4  4  4  4      4114    4            4          
24444444444 11 111                                 11     44444444           1     1   1    1   1     1     4444444   1     1 1     1              114444  4444  4444444411444444            44444444444
11111111111 11 111                                 11      1111111           1     1   1    1   1     1      111111   1     1 1     1              111111   111   111111111111111             1111111111
