                                                                                                                                                                                                        
                                                                 11111111                                       11111111                                                                                
                                                                                           11111                                                                                                        
                                                                                                                                                    44                                                  
                                    1                                                                                                             44444                                                 
                          4444                                   11111111         44       11111         44     11111111            1             411 4                                                 
                          4114                44    4444                         4 44                   4 44                                      411 44                                                
                          4114               4  4   4114                        4   44                 4   44                                     411  4                                                
2444444444444444444444444441144444444444444444  444441144444444444444444444444444    4444444444444444444    44444444444444444444444444444444444444411   444444444444444444444444444444444444444444444444
1111111111111111111111111111111111111111111111   11111111111111111111111111111111     111111111111111111     1111111111111111111111111111111111111111   111111111111111111111111111111111111111111111111
