                  11          11                11111111                  4 444  4                                                                                            44                        
                        11                                               4   11  44    44                                                                                  444444                       
                111111  11  111111                               444444444   11   4444444              1111111           1111                                             4  11 44                      
                        11                      11111111         411111111   11    1111144                                                                             4444      4                      
                        11                                      441111111    11    11111 4          44                 4                                              4  11       4                     
                        11                                      411111111    11    11111 44     444444               1 444 44                                       444           44                    
                       1111        4    4   4   11111111       4411111111    11    11111  4     411114                4  44444                              444    4 11            44                   
                                  444  444 444                 4111111111    11    11111  44   4     44              4    11 4                             4  44  4                 44                  
24444444444444444444444444444444444 4444 444 4444444444444444444111111111    11    11111   44444      4444444444444444    11 4444444444444444444444444444444   4444                 14444444444444444444
11111111111111111111111111111111111  111  11  111111111111111111111111111    11    11111   11111      1111111111111111    11  111111111111111111111111111111    111                 11111111111111111111
