             11                                                                                                                                                                  44        44444        
             11                                                       11111111                                              11111                                                444       411 4        
             111                                                                                                                                                                 4 4    444411 44       
                                                 1                                                                                                                    444       4414    411111  4       
             44     44                  44       1           444                        4444               444                         4         44               4444  4444   441144 44411111   44     
             444    444  11111          444    11111         4 4444   11111111          4114              4 14              11111      4444      444    111  44  4  44   4444 4411144444411111   14     
        444 4414   4414         444    4414           444   4   114              444    4114     4444     4 1 4     4444              4  14     4414        4 4444   1    1 44411111 11 111111    4     
        414 4 144  4 144        414    4 144          414  4    114              414    4114     4114    4  1  4    4114             4   14     4 144      4   111          4411111  11  11111    4     
2444444441444 1 4444 1 44444444441444444 1 44444444444414444    114444444444444444144444411444444411444444  1  44444411444444444444444   14444444 1 44444444                 111111  11  11111    444444
111111111111111111111111111111111111111111111111111111111111    1111111111111111111111111111111111111111111111111111111111111111111111   1111111111111111111                111111111111111111    111111
