                                                                                                  11            11                              44                   44444                              
                                                                                                  11            11                             4  4 44             44411 4                              
                     1111                                                                  444    11       11   11                           444  4444           4441111 44                             
                                                                   4 44                   4  4             11   11                          4 11   1144        444111111  4                             
                                         4444                     4444 4                444   4          1111   11   444444444444         444 11   11 4      44411111111   4                            
                4444          4444       4114                   444 11  4        4444   411    444                   411111111114         411 11   11 44   4441111111111   44                           
                4114          4114       4114          4444     411 11  4444     4114   411    114                   411111111114         4            4 444111111111111    4                           
                4114          4114       4114          4114     411 11   114     4114   411    114                   411111111114         4            44411111111111111     4                          
2444444444444444411444444444444114444444441144444444444411444444411 11   114444444114444411    11444444444444444444444111111111144444444444             1111111111111111     444444444444444444444444444
111111111111111111111111111111111111111111111111111111111111111111111111111111111111111111111111111111111111111111111111111111111111111111111           1111111111111111      11111111111111111111111111
