                                                                                                               44                                              4                             44444      
                                           111111                                                           444444                                             44                           4 1114      
                                                                                                            4111 4                 111                       4444                          44    44     
                44              44                                        44                               4 111 44                                          4114                         4 1     4     
               4  4           4444                                    4444444                            444      4                  44                     44114       444     1        44       4     
    4444      44  444        4 1144        111111      44             41111 44                   4444   4411       4      1111    44444                     4 1144     4  44     4      4 1        4    
    4114      41   14        4 11 4                   4 44          4441111  4                   4114  44111       444            411144        44        444 11 4  4444   44   4 4    44          4    
    4114     441   144      4  11 44                 4   44         41111     4                  4114 441111        144           4111 4 44 44 4  4       411 11 4 4  11    44444  4   41          444  
2444411444444411   1144444444  11  4444444444444444444    444444444441111     444444444444444444441144411111        114444444444444111 444444444  44444444411 11 444  11     1111  44444            1444
1111111111111111   1111111111  11  1111111111111111111     11111111111111      11111111111111111111111111111        111111111111111111  11 11 11   1111111111 11 111  11     1111   1111            1111
