                                                                                                                                                                                                        
             1111                                                          11111               44                   11111                                            44                                 
          44     44                            1                                             44444       11111                                                   444444                         1       
         4  4   4  4                       44    44                                          411 44                                                              411114                                 
       444  44444  4444                   4  4  4  4       4444                            44411  4                                 444444            44        4     4444                              
      4411   1111   1144                444  4444  4444    4114   4444     11111           41111   4          4444  11111           411114          44444     444      114                4     1       
     44111          11144      444     4411   111   1144   4114   4114                   4441111   44         4114                  4    4          411 44    411      114        44444444 4            
    441111          111144    4  44   44111   111   11144  4114   4114                   4111111    44        4114                  4    4          411  4    411  11  114       4  441114  4           
2444411111          11111444444   444441111   111   11114444114444411444444444444444444444111111     44444444441144444444444444444444    44444444444411   4444411  11  11444444444   11111  444444444444
1111111111111111111111111111111    11111111   111   11111111111111111111111111111111111111111111     11111111111111111111111111111111    11111111111111   111111111111111111111111   11111   11111111111
