                             4                                                     4444444                                                                                          444 4               
                         111 444                              44                  44111114                                                                                          411  4              
                            4  44                           444 4                4411    4  4                                44                         4444444                    4     44             
                           4    44                          411  4               4111    4 4 4                           444444444                      4111114                  444      44            
          4           444444     444444                   4441    4             4 111    444  4                         441111 114                    4441    4444               411       44           
    11    444      444411111      11114  44               4111     4     111  444 111   1111  44    1111111   4444     44111     4                    4111   11114 44           4           44          
         4  44  444411111             4 4 44            4441        4         411 111          44             4114    441111     4        11111111  444111 1     444 4       4444            4          
        4    444411111                44   44           4111         4        411 111           44 44    44   4114   4411111     444444             411111      1111  4     4  11             44        
244444444     11111                   44    44444444444441            444444444   111            444444444444441144444111111   111111444444444444444411111            4444444                 1444444444
111111111     11111       11      111111     1111111111111            111111111111111111111       11 11111 11111111111111111        11 11111111111111111111111111111   111111                 1111111111
