                                                    44    444                                    44                                                                                                     
                                    4       44     4 44  4  4       44                        44444                                    44      44    44    1111                                         
                                    444    4 44   4   4444   4     4 44                      4 1114                444                4 44    4 44  4 44                                                
                  444      44      4  44  4   44444    111    4   4   44        4   4    44444    44              4  44              4   44  4   444   44     44                                        
                 4  44    4  4    4    4444    1111            4444    44      444 444  4  111     4            444   4444       44444    4444    44    4444444 4                                       
            444444   444444  444444     111                    1111     44444444 444 4444          4       1    411    114       41111     111     1     111111  4   4                                  
            411111    11111   11111                                      1111111  11  111           4           411    114      44                 1             44 4 4                                 
            4                                                                     11                4           411    114      4                  1              444  4                                
2444444444444                                                                     11                444444444444411    1144444444                  1               11  444444444444444444444444444444444
1111111111111                                                                     11                 11111111111111    1111111111                  1               11   11111111111111111111111111111111
