                                                                                                                                                                                              44444     
                                                                                                                                                                                             441114     
                                         111  11111             44                                           1111                    1111                   44444444                        4411114     
                              44                               4 44            1111111                                     44444                            41111114                       44111114     
           44                4  444                           4   4444                                                    441114               11111        41    14             111      441111114     
 1       4444    111       444  1144                        444    114   1111              11111             1111        4411114    444444                 441    14                     4411111114     
         41144             411  11144    111    44     44   411    114       4    4444            44444                 44111114    411114              4  411    14        4444        44111111114     
         411 4             411  111144         4  4   4  4  411    114      444   41144          4  114                441111114    4    4             444 41111   4        4114       441111111114     
244444444411 44444444444444411  1111144444444444  44444  444411    1144444444 44444114444444444444  114444444444444444441111111444444    444444444444444 4441111   4444444444114444444441111111111444444
111111111111  1111111111111111  1111111111111111   1111   1111111111111111111  1111111 11111111111  111111111111111111111111111111111    111111111111111  1111111111111111111111111111111111111111111111
