              
          oooo 
         oooooo
         oo ooo
        ooo  oo 
        oo    oo
XXXXXXXX=     oo
               o 
               oo
               oo
                o 
                oo 
                oo
                oo
                 =

0 0 4 0 0 0 0 0 0 0 0
0 4 3 3 0 0 0 0 0 0 0
0 3 4 3 4 0 0 0 0 0 0
4 3 0 3 3 0 0 0 0 0 0
3 4 0 4 3 4 0 0 0 0 0
4 0 0 0 3 3 0 0 0 0 0
0 0 0 0 4 3 4 0 0 0 0
0 0 0 0 0 3 3 0 0 0 0
0 0 0 0 0 4 3 4 0 0 0
0 0 0 0 0 0 3 3 0 0 0
0 0 0 0 0 0 4 3 4 0 0
0 0 0 0 0 0 0 3 3 0 0
0 0 0 0 0 0 0 4 3 4 0
0 0 0 0 0 0 0 0 3 4 0

